80 80
   0.0    0.0    0.0    0.0    0.0    0.0    0.0    0.0    0.0    0.0    0.0    0.0    0.0    0.0    0.0    0.0    0.0    0.0    0.0    0.0    0.0    0.0    0.0    0.0    0.0    0.0    0.0    0.0    0.0    0.0    0.0    0.0    0.0    0.0    0.0    0.0    0.0    0.0    0.0    0.0    0.0    0.0    0.0    0.0    0.0    0.0    0.0    0.0    0.0    0.0    0.0    0.0    0.0    0.0    0.0    0.0    0.0    0.0    0.0    0.0    0.0    0.0    0.0    0.0    0.0    0.0    0.0    0.0    0.0    0.0    0.0    0.0    0.0    0.0    0.0    0.0    0.0    0.0    0.0    0.0
   0.0    1.2    2.4    3.5    4.7    5.8    6.8    7.8    8.8    9.8   10.7   11.6   12.5   13.4   14.2   14.9   15.7   16.4   17.1   17.7   18.4   19.0   19.5   20.1   20.6   21.0   21.5   21.9   22.2   22.6   22.9   23.2   23.4   23.6   23.8   24.0   24.1   24.2   24.3   24.3   24.3   24.3   24.2   24.1   24.0   23.8   23.6   23.4   23.2   22.9   22.6   22.2   21.9   21.5   21.0   20.6   20.1   19.5   19.0   18.4   17.7   17.1   16.4   15.7   14.9   14.2   13.4   12.5   11.6   10.7    9.8    8.8    7.8    6.8    5.8    4.7    3.5    2.4    1.2    0.0
   0.0    2.4    4.7    7.0    9.2   11.4   13.5   15.5   17.5   19.4   21.2   23.0   24.7   26.4   28.0   29.5   31.0   32.4   33.8   35.0   36.3   37.4   38.5   39.6   40.6   41.5   42.4   43.2   43.9   44.6   45.2   45.7   46.2   46.7   47.0   47.3   47.6   47.8   47.9   48.0   48.0   47.9   47.8   47.6   47.3   47.0   46.7   46.2   45.7   45.2   44.6   43.9   43.2   42.4   41.5   40.6   39.6   38.5   37.4   36.3   35.0   33.8   32.4   31.0   29.5   28.0   26.4   24.7   23.0   21.2   19.4   17.5   15.5   13.5   11.4    9.2    7.0    4.7    2.4    0.0
   0.0    3.5    7.0   10.4   13.7   16.8   19.9   22.9   25.9   28.7   31.4   34.0   36.6   39.0   41.4   43.7   45.9   48.0   50.0   51.9   53.7   55.4   57.1   58.6   60.1   61.4   62.7   63.9   65.0   66.0   66.9   67.7   68.4   69.1   69.6   70.1   70.5   70.7   70.9   71.0   71.0   70.9   70.7   70.5   70.1   69.6   69.1   68.4   67.7   66.9   66.0   65.0   63.9   62.7   61.4   60.1   58.6   57.1   55.4   53.7   51.9   50.0   48.0   45.9   43.7   41.4   39.0   36.6   34.0   31.4   28.7   25.9   22.9   19.9   16.8   13.7   10.4    7.0    3.5    0.0
   0.0    4.7    9.2   13.7   18.0   22.2   26.2   30.2   34.0   37.7   41.3   44.8   48.1   51.4   54.5   57.5   60.4   63.1   65.8   68.3   70.7   72.9   75.1   77.1   79.0   80.8   82.5   84.1   85.5   86.8   88.0   89.1   90.1   90.9   91.6   92.2   92.7   93.1   93.3   93.4   93.4   93.3   93.1   92.7   92.2   91.6   90.9   90.1   89.1   88.0   86.8   85.5   84.1   82.5   80.8   79.0   77.1   75.1   72.9   70.7   68.3   65.8   63.1   60.4   57.5   54.5   51.4   48.1   44.8   41.3   37.7   34.0   30.2   26.2   22.2   18.0   13.7    9.2    4.7    0.0
   0.0    5.8   11.4   16.8   22.2   27.3   32.3   37.2   41.9   46.5   51.0   55.2   59.4   63.4   67.2   70.9   74.4   77.8   81.1   84.2   87.1   90.0   92.6   95.1   97.5   99.7  101.8  103.7  105.5  107.1  108.6  109.9  111.1  112.1  113.0  113.7  114.3  114.8  115.1  115.2  115.2  115.1  114.8  114.3  113.7  113.0  112.1  111.1  109.9  108.6  107.1  105.5  103.7  101.8   99.7   97.5   95.1   92.6   90.0   87.1   84.2   81.1   77.8   74.4   70.9   67.2   63.4   59.4   55.2   51.0   46.5   41.9   37.2   32.3   27.3   22.2   16.8   11.4    5.8    0.0
   0.0    6.8   13.5   19.9   26.2   32.3   38.3   44.1   49.7   55.1   60.3   65.4   70.3   75.0   79.6   83.9   88.1   92.2   96.0   99.7  103.2  106.5  109.6  112.6  115.4  118.0  120.5  122.8  124.8  126.8  128.5  130.1  131.5  132.7  133.8  134.6  135.3  135.9  136.2  136.4  136.4  136.2  135.9  135.3  134.6  133.8  132.7  131.5  130.1  128.5  126.8  124.8  122.8  120.5  118.0  115.4  112.6  109.6  106.5  103.2   99.7   96.0   92.2   88.1   83.9   79.6   75.0   70.3   65.4   60.3   55.1   49.7   44.1   38.3   32.3   26.2   19.9   13.5    6.8    0.0
   0.0    7.8   15.5   22.9   30.2   37.2   44.1   50.7   57.1   63.4   69.4   75.3   80.9   86.3   91.5   96.6  101.4  106.0  110.5  114.7  118.7  122.5  126.2  129.6  132.8  135.8  138.6  141.2  143.7  145.9  147.9  149.7  151.3  152.7  153.9  154.9  155.7  156.3  156.7  156.9  156.9  156.7  156.3  155.7  154.9  153.9  152.7  151.3  149.7  147.9  145.9  143.7  141.2  138.6  135.8  132.8  129.6  126.2  122.5  118.7  114.7  110.5  106.0  101.4   96.6   91.5   86.3   80.9   75.3   69.4   63.4   57.1   50.7   44.1   37.2   30.2   22.9   15.5    7.8    0.0
   0.0    8.8   17.5   25.9   34.0   41.9   49.7   57.1   64.4   71.4   78.2   84.8   91.2   97.3  103.2  108.8  114.3  119.5  124.5  129.3  133.8  138.1  142.2  146.0  149.7  153.1  156.2  159.2  161.9  164.4  166.7  168.7  170.5  172.1  173.5  174.6  175.5  176.2  176.6  176.9  176.9  176.6  176.2  175.5  174.6  173.5  172.1  170.5  168.7  166.7  164.4  161.9  159.2  156.2  153.1  149.7  146.0  142.2  138.1  133.8  129.3  124.5  119.5  114.3  108.8  103.2   97.3   91.2   84.8   78.2   71.4   64.4   57.1   49.7   41.9   34.0   25.9   17.5    8.8    0.0
   0.0    9.8   19.4   28.7   37.7   46.5   55.1   63.4   71.4   79.2   86.8   94.1  101.1  107.9  114.4  120.7  126.8  132.5  138.1  143.4  148.4  153.2  157.7  162.0  166.0  169.8  173.3  176.6  179.6  182.3  184.9  187.1  189.1  190.9  192.4  193.7  194.7  195.4  195.9  196.2  196.2  195.9  195.4  194.7  193.7  192.4  190.9  189.1  187.1  184.9  182.3  179.6  176.6  173.3  169.8  166.0  162.0  157.7  153.2  148.4  143.4  138.1  132.5  126.8  120.7  114.4  107.9  101.1   94.1   86.8   79.2   71.4   63.4   55.1   46.5   37.7   28.7   19.4    9.8    0.0
   0.0   10.7   21.2   31.4   41.3   51.0   60.3   69.4   78.2   86.8   95.0  103.0  110.7  118.2  125.3  132.2  138.8  145.2  151.2  157.0  162.5  167.8  172.7  177.4  181.8  185.9  189.8  193.4  196.7  199.7  202.5  204.9  207.1  209.1  210.7  212.1  213.2  214.0  214.6  214.9  214.9  214.6  214.0  213.2  212.1  210.7  209.1  207.1  204.9  202.5  199.7  196.7  193.4  189.8  185.9  181.8  177.4  172.7  167.8  162.5  157.0  151.2  145.2  138.8  132.2  125.3  118.2  110.7  103.0   95.0   86.8   78.2   69.4   60.3   51.0   41.3   31.4   21.2   10.7    0.0
   0.0   11.6   23.0   34.0   44.8   55.2   65.4   75.3   84.8   94.1  103.0  111.7  120.0  128.1  135.9  143.3  150.5  157.4  163.9  170.2  176.2  181.9  187.2  192.3  197.1  201.6  205.7  209.6  213.2  216.5  219.5  222.2  224.6  226.6  228.4  229.9  231.1  232.0  232.6  232.9  232.9  232.6  232.0  231.1  229.9  228.4  226.6  224.6  222.2  219.5  216.5  213.2  209.6  205.7  201.6  197.1  192.3  187.2  181.9  176.2  170.2  163.9  157.4  150.5  143.3  135.9  128.1  120.0  111.7  103.0   94.1   84.8   75.3   65.4   55.2   44.8   34.0   23.0   11.6    0.0
   0.0   12.5   24.7   36.6   48.1   59.4   70.3   80.9   91.2  101.1  110.7  120.0  129.0  137.7  146.0  154.1  161.8  169.2  176.2  183.0  189.4  195.5  201.2  206.7  211.8  216.7  221.1  225.3  229.2  232.7  235.9  238.8  241.4  243.6  245.5  247.1  248.4  249.4  250.0  250.4  250.4  250.0  249.4  248.4  247.1  245.5  243.6  241.4  238.8  235.9  232.7  229.2  225.3  221.1  216.7  211.8  206.7  201.2  195.5  189.4  183.0  176.2  169.2  161.8  154.1  146.0  137.7  129.0  120.0  110.7  101.1   91.2   80.9   70.3   59.4   48.1   36.6   24.7   12.5    0.0
   0.0   13.4   26.4   39.0   51.4   63.4   75.0   86.3   97.3  107.9  118.2  128.1  137.7  146.9  155.9  164.4  172.6  180.5  188.0  195.2  202.1  208.6  214.8  220.6  226.1  231.2  236.0  240.5  244.6  248.3  251.8  254.8  257.6  260.0  262.0  263.7  265.1  266.1  266.8  267.2  267.2  266.8  266.1  265.1  263.7  262.0  260.0  257.6  254.8  251.8  248.3  244.6  240.5  236.0  231.2  226.1  220.6  214.8  208.6  202.1  195.2  188.0  180.5  172.6  164.4  155.9  146.9  137.7  128.1  118.2  107.9   97.3   86.3   75.0   63.4   51.4   39.0   26.4   13.4    0.0
   0.0   14.2   28.0   41.4   54.5   67.2   79.6   91.5  103.2  114.4  125.3  135.9  146.0  155.9  165.3  174.4  183.1  191.5  199.4  207.1  214.3  221.2  227.8  234.0  239.8  245.2  250.3  255.0  259.4  263.4  267.0  270.3  273.2  275.7  277.9  279.7  281.2  282.3  283.0  283.4  283.4  283.0  282.3  281.2  279.7  277.9  275.7  273.2  270.3  267.0  263.4  259.4  255.0  250.3  245.2  239.8  234.0  227.8  221.2  214.3  207.1  199.4  191.5  183.1  174.4  165.3  155.9  146.0  135.9  125.3  114.4  103.2   91.5   79.6   67.2   54.5   41.4   28.0   14.2    0.0
   0.0   14.9   29.5   43.7   57.5   70.9   83.9   96.6  108.8  120.7  132.2  143.3  154.1  164.4  174.4  184.0  193.2  202.0  210.4  218.5  226.1  233.4  240.3  246.8  252.9  258.7  264.1  269.0  273.6  277.9  281.7  285.1  288.2  290.9  293.2  295.1  296.6  297.8  298.6  298.9  298.9  298.6  297.8  296.6  295.1  293.2  290.9  288.2  285.1  281.7  277.9  273.6  269.0  264.1  258.7  252.9  246.8  240.3  233.4  226.1  218.5  210.4  202.0  193.2  184.0  174.4  164.4  154.1  143.3  132.2  120.7  108.8   96.6   83.9   70.9   57.5   43.7   29.5   14.9    0.0
   0.0   15.7   31.0   45.9   60.4   74.4   88.1  101.4  114.3  126.8  138.8  150.5  161.8  172.6  183.1  193.2  202.8  212.1  220.9  229.4  237.4  245.1  252.3  259.2  265.6  271.6  277.3  282.5  287.3  291.7  295.8  299.4  302.6  305.4  307.8  309.9  311.5  312.7  313.5  313.9  313.9  313.5  312.7  311.5  309.9  307.8  305.4  302.6  299.4  295.8  291.7  287.3  282.5  277.3  271.6  265.6  259.2  252.3  245.1  237.4  229.4  220.9  212.1  202.8  193.2  183.1  172.6  161.8  150.5  138.8  126.8  114.3  101.4   88.1   74.4   60.4   45.9   31.0   15.7    0.0
   0.0   16.4   32.4   48.0   63.1   77.8   92.2  106.0  119.5  132.5  145.2  157.4  169.2  180.5  191.5  202.0  212.1  221.7  231.0  239.8  248.3  256.3  263.8  271.0  277.7  284.0  289.9  295.4  300.4  305.1  309.3  313.1  316.4  319.4  321.9  324.0  325.7  326.9  327.8  328.2  328.2  327.8  326.9  325.7  324.0  321.9  319.4  316.4  313.1  309.3  305.1  300.4  295.4  289.9  284.0  277.7  271.0  263.8  256.3  248.3  239.8  231.0  221.7  212.1  202.0  191.5  180.5  169.2  157.4  145.2  132.5  119.5  106.0   92.2   77.8   63.1   48.0   32.4   16.4    0.0
   0.0   17.1   33.8   50.0   65.8   81.1   96.0  110.5  124.5  138.1  151.2  163.9  176.2  188.0  199.4  210.4  220.9  231.0  240.6  249.9  258.6  267.0  274.8  282.3  289.3  295.9  302.0  307.7  313.0  317.8  322.2  326.1  329.6  332.7  335.3  337.5  339.3  340.6  341.5  341.9  341.9  341.5  340.6  339.3  337.5  335.3  332.7  329.6  326.1  322.2  317.8  313.0  307.7  302.0  295.9  289.3  282.3  274.8  267.0  258.6  249.9  240.6  231.0  220.9  210.4  199.4  188.0  176.2  163.9  151.2  138.1  124.5  110.5   96.0   81.1   65.8   50.0   33.8   17.1    0.0
   0.0   17.7   35.0   51.9   68.3   84.2   99.7  114.7  129.3  143.4  157.0  170.2  183.0  195.2  207.1  218.5  229.4  239.8  249.9  259.4  268.5  277.2  285.4  293.1  300.4  307.2  313.6  319.5  324.9  330.0  334.5  338.6  342.2  345.4  348.2  350.4  352.3  353.6  354.5  355.0  355.0  354.5  353.6  352.3  350.4  348.2  345.4  342.2  338.6  334.5  330.0  324.9  319.5  313.6  307.2  300.4  293.1  285.4  277.2  268.5  259.4  249.9  239.8  229.4  218.5  207.1  195.2  183.0  170.2  157.0  143.4  129.3  114.7   99.7   84.2   68.3   51.9   35.0   17.7    0.0
   0.0   18.4   36.3   53.7   70.7   87.1  103.2  118.7  133.8  148.4  162.5  176.2  189.4  202.1  214.3  226.1  237.4  248.3  258.6  268.5  277.9  286.9  295.4  303.4  310.9  318.0  324.6  330.7  336.3  341.5  346.2  350.5  354.3  357.5  360.4  362.7  364.6  366.0  367.0  367.4  367.4  367.0  366.0  364.6  362.7  360.4  357.5  354.3  350.5  346.2  341.5  336.3  330.7  324.6  318.0  310.9  303.4  295.4  286.9  277.9  268.5  258.6  248.3  237.4  226.1  214.3  202.1  189.4  176.2  162.5  148.4  133.8  118.7  103.2   87.1   70.7   53.7   36.3   18.4    0.0
   0.0   19.0   37.4   55.4   72.9   90.0  106.5  122.5  138.1  153.2  167.8  181.9  195.5  208.6  221.2  233.4  245.1  256.3  267.0  277.2  286.9  296.1  304.9  313.1  320.9  328.2  335.0  341.3  347.2  352.5  357.4  361.8  365.7  369.1  372.0  374.4  376.4  377.8  378.8  379.3  379.3  378.8  377.8  376.4  374.4  372.0  369.1  365.7  361.8  357.4  352.5  347.2  341.3  335.0  328.2  320.9  313.1  304.9  296.1  286.9  277.2  267.0  256.3  245.1  233.4  221.2  208.6  195.5  181.9  167.8  153.2  138.1  122.5  106.5   90.0   72.9   55.4   37.4   19.0    0.0
   0.0   19.5   38.5   57.1   75.1   92.6  109.6  126.2  142.2  157.7  172.7  187.2  201.2  214.8  227.8  240.3  252.3  263.8  274.8  285.4  295.4  304.9  313.9  322.4  330.4  337.9  344.9  351.4  357.4  362.9  368.0  372.5  376.5  380.0  383.0  385.5  387.5  389.0  390.0  390.5  390.5  390.0  389.0  387.5  385.5  383.0  380.0  376.5  372.5  368.0  362.9  357.4  351.4  344.9  337.9  330.4  322.4  313.9  304.9  295.4  285.4  274.8  263.8  252.3  240.3  227.8  214.8  201.2  187.2  172.7  157.7  142.2  126.2  109.6   92.6   75.1   57.1   38.5   19.5    0.0
   0.0   20.1   39.6   58.6   77.1   95.1  112.6  129.6  146.0  162.0  177.4  192.3  206.7  220.6  234.0  246.8  259.2  271.0  282.3  293.1  303.4  313.1  322.4  331.1  339.4  347.1  354.3  361.0  367.1  372.8  377.9  382.6  386.7  390.3  393.4  395.9  398.0  399.5  400.6  401.1  401.1  400.6  399.5  398.0  395.9  393.4  390.3  386.7  382.6  377.9  372.8  367.1  361.0  354.3  347.1  339.4  331.1  322.4  313.1  303.4  293.1  282.3  271.0  259.2  246.8  234.0  220.6  206.7  192.3  177.4  162.0  146.0  129.6  112.6   95.1   77.1   58.6   39.6   20.1    0.0
   0.0   20.6   40.6   60.1   79.0   97.5  115.4  132.8  149.7  166.0  181.8  197.1  211.8  226.1  239.8  252.9  265.6  277.7  289.3  300.4  310.9  320.9  330.4  339.4  347.8  355.7  363.1  369.9  376.3  382.1  387.3  392.1  396.3  400.0  403.1  405.8  407.9  409.5  410.5  411.0  411.0  410.5  409.5  407.9  405.8  403.1  400.0  396.3  392.1  387.3  382.1  376.3  369.9  363.1  355.7  347.8  339.4  330.4  320.9  310.9  300.4  289.3  277.7  265.6  252.9  239.8  226.1  211.8  197.1  181.8  166.0  149.7  132.8  115.4   97.5   79.0   60.1   40.6   20.6    0.0
   0.0   21.0   41.5   61.4   80.8   99.7  118.0  135.8  153.1  169.8  185.9  201.6  216.7  231.2  245.2  258.7  271.6  284.0  295.9  307.2  318.0  328.2  337.9  347.1  355.7  363.8  371.3  378.3  384.8  390.7  396.1  401.0  405.3  409.1  412.3  415.0  417.1  418.8  419.8  420.4  420.4  419.8  418.8  417.1  415.0  412.3  409.1  405.3  401.0  396.1  390.7  384.8  378.3  371.3  363.8  355.7  347.1  337.9  328.2  318.0  307.2  295.9  284.0  271.6  258.7  245.2  231.2  216.7  201.6  185.9  169.8  153.1  135.8  118.0   99.7   80.8   61.4   41.5   21.0    0.0
   0.0   21.5   42.4   62.7   82.5  101.8  120.5  138.6  156.2  173.3  189.8  205.7  221.1  236.0  250.3  264.1  277.3  289.9  302.0  313.6  324.6  335.0  344.9  354.3  363.1  371.3  379.0  386.2  392.8  398.8  404.3  409.3  413.7  417.5  420.8  423.6  425.8  427.4  428.5  429.1  429.1  428.5  427.4  425.8  423.6  420.8  417.5  413.7  409.3  404.3  398.8  392.8  386.2  379.0  371.3  363.1  354.3  344.9  335.0  324.6  313.6  302.0  289.9  277.3  264.1  250.3  236.0  221.1  205.7  189.8  173.3  156.2  138.6  120.5  101.8   82.5   62.7   42.4   21.5    0.0
   0.0   21.9   43.2   63.9   84.1  103.7  122.8  141.2  159.2  176.6  193.4  209.6  225.3  240.5  255.0  269.0  282.5  295.4  307.7  319.5  330.7  341.3  351.4  361.0  369.9  378.3  386.2  393.5  400.2  406.4  412.0  417.0  421.5  425.4  428.8  431.6  433.8  435.5  436.6  437.2  437.2  436.6  435.5  433.8  431.6  428.8  425.4  421.5  417.0  412.0  406.4  400.2  393.5  386.2  378.3  369.9  361.0  351.4  341.3  330.7  319.5  307.7  295.4  282.5  269.0  255.0  240.5  225.3  209.6  193.4  176.6  159.2  141.2  122.8  103.7   84.1   63.9   43.2   21.9    0.0
   0.0   22.2   43.9   65.0   85.5  105.5  124.8  143.7  161.9  179.6  196.7  213.2  229.2  244.6  259.4  273.6  287.3  300.4  313.0  324.9  336.3  347.2  357.4  367.1  376.3  384.8  392.8  400.2  407.0  413.3  419.0  424.1  428.7  432.7  436.1  439.0  441.2  443.0  444.1  444.7  444.7  444.1  443.0  441.2  439.0  436.1  432.7  428.7  424.1  419.0  413.3  407.0  400.2  392.8  384.8  376.3  367.1  357.4  347.2  336.3  324.9  313.0  300.4  287.3  273.6  259.4  244.6  229.2  213.2  196.7  179.6  161.9  143.7  124.8  105.5   85.5   65.0   43.9   22.2    0.0
   0.0   22.6   44.6   66.0   86.8  107.1  126.8  145.9  164.4  182.3  199.7  216.5  232.7  248.3  263.4  277.9  291.7  305.1  317.8  330.0  341.5  352.5  362.9  372.8  382.1  390.7  398.8  406.4  413.3  419.7  425.5  430.7  435.3  439.4  442.8  445.7  448.0  449.8  450.9  451.5  451.5  450.9  449.8  448.0  445.7  442.8  439.4  435.3  430.7  425.5  419.7  413.3  406.4  398.8  390.7  382.1  372.8  362.9  352.5  341.5  330.0  317.8  305.1  291.7  277.9  263.4  248.3  232.7  216.5  199.7  182.3  164.4  145.9  126.8  107.1   86.8   66.0   44.6   22.6    0.0
   0.0   22.9   45.2   66.9   88.0  108.6  128.5  147.9  166.7  184.9  202.5  219.5  235.9  251.8  267.0  281.7  295.8  309.3  322.2  334.5  346.2  357.4  368.0  377.9  387.3  396.1  404.3  412.0  419.0  425.5  431.3  436.6  441.3  445.4  448.9  451.9  454.2  456.0  457.2  457.7  457.7  457.2  456.0  454.2  451.9  448.9  445.4  441.3  436.6  431.3  425.5  419.0  412.0  404.3  396.1  387.3  377.9  368.0  357.4  346.2  334.5  322.2  309.3  295.8  281.7  267.0  251.8  235.9  219.5  202.5  184.9  166.7  147.9  128.5  108.6   88.0   66.9   45.2   22.9    0.0
   0.0   23.2   45.7   67.7   89.1  109.9  130.1  149.7  168.7  187.1  204.9  222.2  238.8  254.8  270.3  285.1  299.4  313.1  326.1  338.6  350.5  361.8  372.5  382.6  392.1  401.0  409.3  417.0  424.1  430.7  436.6  442.0  446.7  450.9  454.4  457.4  459.8  461.6  462.8  463.3  463.3  462.8  461.6  459.8  457.4  454.4  450.9  446.7  442.0  436.6  430.7  424.1  417.0  409.3  401.0  392.1  382.6  372.5  361.8  350.5  338.6  326.1  313.1  299.4  285.1  270.3  254.8  238.8  222.2  204.9  187.1  168.7  149.7  130.1  109.9   89.1   67.7   45.7   23.2    0.0
   0.0   23.4   46.2   68.4   90.1  111.1  131.5  151.3  170.5  189.1  207.1  224.6  241.4  257.6  273.2  288.2  302.6  316.4  329.6  342.2  354.3  365.7  376.5  386.7  396.3  405.3  413.7  421.5  428.7  435.3  441.3  446.7  451.5  455.7  459.3  462.3  464.7  466.5  467.7  468.3  468.3  467.7  466.5  464.7  462.3  459.3  455.7  451.5  446.7  441.3  435.3  428.7  421.5  413.7  405.3  396.3  386.7  376.5  365.7  354.3  342.2  329.6  316.4  302.6  288.2  273.2  257.6  241.4  224.6  207.1  189.1  170.5  151.3  131.5  111.1   90.1   68.4   46.2   23.4    0.0
   0.0   23.6   46.7   69.1   90.9  112.1  132.7  152.7  172.1  190.9  209.1  226.6  243.6  260.0  275.7  290.9  305.4  319.4  332.7  345.4  357.5  369.1  380.0  390.3  400.0  409.1  417.5  425.4  432.7  439.4  445.4  450.9  455.7  460.0  463.6  466.6  469.1  470.9  472.1  472.7  472.7  472.1  470.9  469.1  466.6  463.6  460.0  455.7  450.9  445.4  439.4  432.7  425.4  417.5  409.1  400.0  390.3  380.0  369.1  357.5  345.4  332.7  319.4  305.4  290.9  275.7  260.0  243.6  226.6  209.1  190.9  172.1  152.7  132.7  112.1   90.9   69.1   46.7   23.6    0.0
   0.0   23.8   47.0   69.6   91.6  113.0  133.8  153.9  173.5  192.4  210.7  228.4  245.5  262.0  277.9  293.2  307.8  321.9  335.3  348.2  360.4  372.0  383.0  393.4  403.1  412.3  420.8  428.8  436.1  442.8  448.9  454.4  459.3  463.6  467.3  470.3  472.8  474.6  475.8  476.4  476.4  475.8  474.6  472.8  470.3  467.3  463.6  459.3  454.4  448.9  442.8  436.1  428.8  420.8  412.3  403.1  393.4  383.0  372.0  360.4  348.2  335.3  321.9  307.8  293.2  277.9  262.0  245.5  228.4  210.7  192.4  173.5  153.9  133.8  113.0   91.6   69.6   47.0   23.8    0.0
   0.0   24.0   47.3   70.1   92.2  113.7  134.6  154.9  174.6  193.7  212.1  229.9  247.1  263.7  279.7  295.1  309.9  324.0  337.5  350.4  362.7  374.4  385.5  395.9  405.8  415.0  423.6  431.6  439.0  445.7  451.9  457.4  462.3  466.6  470.3  473.4  475.9  477.7  478.9  479.5  479.5  478.9  477.7  475.9  473.4  470.3  466.6  462.3  457.4  451.9  445.7  439.0  431.6  423.6  415.0  405.8  395.9  385.5  374.4  362.7  350.4  337.5  324.0  309.9  295.1  279.7  263.7  247.1  229.9  212.1  193.7  174.6  154.9  134.6  113.7   92.2   70.1   47.3   24.0    0.0
   0.0   24.1   47.6   70.5   92.7  114.3  135.3  155.7  175.5  194.7  213.2  231.1  248.4  265.1  281.2  296.6  311.5  325.7  339.3  352.3  364.6  376.4  387.5  398.0  407.9  417.1  425.8  433.8  441.2  448.0  454.2  459.8  464.7  469.1  472.8  475.9  478.3  480.2  481.4  482.0  482.0  481.4  480.2  478.3  475.9  472.8  469.1  464.7  459.8  454.2  448.0  441.2  433.8  425.8  417.1  407.9  398.0  387.5  376.4  364.6  352.3  339.3  325.7  311.5  296.6  281.2  265.1  248.4  231.1  213.2  194.7  175.5  155.7  135.3  114.3   92.7   70.5   47.6   24.1    0.0
   0.0   24.2   47.8   70.7   93.1  114.8  135.9  156.3  176.2  195.4  214.0  232.0  249.4  266.1  282.3  297.8  312.7  326.9  340.6  353.6  366.0  377.8  389.0  399.5  409.5  418.8  427.4  435.5  443.0  449.8  456.0  461.6  466.5  470.9  474.6  477.7  480.2  482.0  483.3  483.9  483.9  483.3  482.0  480.2  477.7  474.6  470.9  466.5  461.6  456.0  449.8  443.0  435.5  427.4  418.8  409.5  399.5  389.0  377.8  366.0  353.6  340.6  326.9  312.7  297.8  282.3  266.1  249.4  232.0  214.0  195.4  176.2  156.3  135.9  114.8   93.1   70.7   47.8   24.2    0.0
   0.0   24.3   47.9   70.9   93.3  115.1  136.2  156.7  176.6  195.9  214.6  232.6  250.0  266.8  283.0  298.6  313.5  327.8  341.5  354.5  367.0  378.8  390.0  400.6  410.5  419.8  428.5  436.6  444.1  450.9  457.2  462.8  467.7  472.1  475.8  478.9  481.4  483.3  484.5  485.1  485.1  484.5  483.3  481.4  478.9  475.8  472.1  467.7  462.8  457.2  450.9  444.1  436.6  428.5  419.8  410.5  400.6  390.0  378.8  367.0  354.5  341.5  327.8  313.5  298.6  283.0  266.8  250.0  232.6  214.6  195.9  176.6  156.7  136.2  115.1   93.3   70.9   47.9   24.3    0.0
   0.0   24.3   48.0   71.0   93.4  115.2  136.4  156.9  176.9  196.2  214.9  232.9  250.4  267.2  283.4  298.9  313.9  328.2  341.9  355.0  367.4  379.3  390.5  401.1  411.0  420.4  429.1  437.2  444.7  451.5  457.7  463.3  468.3  472.7  476.4  479.5  482.0  483.9  485.1  485.8  485.8  485.1  483.9  482.0  479.5  476.4  472.7  468.3  463.3  457.7  451.5  444.7  437.2  429.1  420.4  411.0  401.1  390.5  379.3  367.4  355.0  341.9  328.2  313.9  298.9  283.4  267.2  250.4  232.9  214.9  196.2  176.9  156.9  136.4  115.2   93.4   71.0   48.0   24.3    0.0
   0.0   24.3   48.0   71.0   93.4  115.2  136.4  156.9  176.9  196.2  214.9  232.9  250.4  267.2  283.4  298.9  313.9  328.2  341.9  355.0  367.4  379.3  390.5  401.1  411.0  420.4  429.1  437.2  444.7  451.5  457.7  463.3  468.3  472.7  476.4  479.5  482.0  483.9  485.1  485.8  485.8  485.1  483.9  482.0  479.5  476.4  472.7  468.3  463.3  457.7  451.5  444.7  437.2  429.1  420.4  411.0  401.1  390.5  379.3  367.4  355.0  341.9  328.2  313.9  298.9  283.4  267.2  250.4  232.9  214.9  196.2  176.9  156.9  136.4  115.2   93.4   71.0   48.0   24.3    0.0
   0.0   24.3   47.9   70.9   93.3  115.1  136.2  156.7  176.6  195.9  214.6  232.6  250.0  266.8  283.0  298.6  313.5  327.8  341.5  354.5  367.0  378.8  390.0  400.6  410.5  419.8  428.5  436.6  444.1  450.9  457.2  462.8  467.7  472.1  475.8  478.9  481.4  483.3  484.5  485.1  485.1  484.5  483.3  481.4  478.9  475.8  472.1  467.7  462.8  457.2  450.9  444.1  436.6  428.5  419.8  410.5  400.6  390.0  378.8  367.0  354.5  341.5  327.8  313.5  298.6  283.0  266.8  250.0  232.6  214.6  195.9  176.6  156.7  136.2  115.1   93.3   70.9   47.9   24.3    0.0
   0.0   24.2   47.8   70.7   93.1  114.8  135.9  156.3  176.2  195.4  214.0  232.0  249.4  266.1  282.3  297.8  312.7  326.9  340.6  353.6  366.0  377.8  389.0  399.5  409.5  418.8  427.4  435.5  443.0  449.8  456.0  461.6  466.5  470.9  474.6  477.7  480.2  482.0  483.3  483.9  483.9  483.3  482.0  480.2  477.7  474.6  470.9  466.5  461.6  456.0  449.8  443.0  435.5  427.4  418.8  409.5  399.5  389.0  377.8  366.0  353.6  340.6  326.9  312.7  297.8  282.3  266.1  249.4  232.0  214.0  195.4  176.2  156.3  135.9  114.8   93.1   70.7   47.8   24.2    0.0
   0.0   24.1   47.6   70.5   92.7  114.3  135.3  155.7  175.5  194.7  213.2  231.1  248.4  265.1  281.2  296.6  311.5  325.7  339.3  352.3  364.6  376.4  387.5  398.0  407.9  417.1  425.8  433.8  441.2  448.0  454.2  459.8  464.7  469.1  472.8  475.9  478.3  480.2  481.4  482.0  482.0  481.4  480.2  478.3  475.9  472.8  469.1  464.7  459.8  454.2  448.0  441.2  433.8  425.8  417.1  407.9  398.0  387.5  376.4  364.6  352.3  339.3  325.7  311.5  296.6  281.2  265.1  248.4  231.1  213.2  194.7  175.5  155.7  135.3  114.3   92.7   70.5   47.6   24.1    0.0
   0.0   24.0   47.3   70.1   92.2  113.7  134.6  154.9  174.6  193.7  212.1  229.9  247.1  263.7  279.7  295.1  309.9  324.0  337.5  350.4  362.7  374.4  385.5  395.9  405.8  415.0  423.6  431.6  439.0  445.7  451.9  457.4  462.3  466.6  470.3  473.4  475.9  477.7  478.9  479.5  479.5  478.9  477.7  475.9  473.4  470.3  466.6  462.3  457.4  451.9  445.7  439.0  431.6  423.6  415.0  405.8  395.9  385.5  374.4  362.7  350.4  337.5  324.0  309.9  295.1  279.7  263.7  247.1  229.9  212.1  193.7  174.6  154.9  134.6  113.7   92.2   70.1   47.3   24.0    0.0
   0.0   23.8   47.0   69.6   91.6  113.0  133.8  153.9  173.5  192.4  210.7  228.4  245.5  262.0  277.9  293.2  307.8  321.9  335.3  348.2  360.4  372.0  383.0  393.4  403.1  412.3  420.8  428.8  436.1  442.8  448.9  454.4  459.3  463.6  467.3  470.3  472.8  474.6  475.8  476.4  476.4  475.8  474.6  472.8  470.3  467.3  463.6  459.3  454.4  448.9  442.8  436.1  428.8  420.8  412.3  403.1  393.4  383.0  372.0  360.4  348.2  335.3  321.9  307.8  293.2  277.9  262.0  245.5  228.4  210.7  192.4  173.5  153.9  133.8  113.0   91.6   69.6   47.0   23.8    0.0
   0.0   23.6   46.7   69.1   90.9  112.1  132.7  152.7  172.1  190.9  209.1  226.6  243.6  260.0  275.7  290.9  305.4  319.4  332.7  345.4  357.5  369.1  380.0  390.3  400.0  409.1  417.5  425.4  432.7  439.4  445.4  450.9  455.7  460.0  463.6  466.6  469.1  470.9  472.1  472.7  472.7  472.1  470.9  469.1  466.6  463.6  460.0  455.7  450.9  445.4  439.4  432.7  425.4  417.5  409.1  400.0  390.3  380.0  369.1  357.5  345.4  332.7  319.4  305.4  290.9  275.7  260.0  243.6  226.6  209.1  190.9  172.1  152.7  132.7  112.1   90.9   69.1   46.7   23.6    0.0
   0.0   23.4   46.2   68.4   90.1  111.1  131.5  151.3  170.5  189.1  207.1  224.6  241.4  257.6  273.2  288.2  302.6  316.4  329.6  342.2  354.3  365.7  376.5  386.7  396.3  405.3  413.7  421.5  428.7  435.3  441.3  446.7  451.5  455.7  459.3  462.3  464.7  466.5  467.7  468.3  468.3  467.7  466.5  464.7  462.3  459.3  455.7  451.5  446.7  441.3  435.3  428.7  421.5  413.7  405.3  396.3  386.7  376.5  365.7  354.3  342.2  329.6  316.4  302.6  288.2  273.2  257.6  241.4  224.6  207.1  189.1  170.5  151.3  131.5  111.1   90.1   68.4   46.2   23.4    0.0
   0.0   23.2   45.7   67.7   89.1  109.9  130.1  149.7  168.7  187.1  204.9  222.2  238.8  254.8  270.3  285.1  299.4  313.1  326.1  338.6  350.5  361.8  372.5  382.6  392.1  401.0  409.3  417.0  424.1  430.7  436.6  442.0  446.7  450.9  454.4  457.4  459.8  461.6  462.8  463.3  463.3  462.8  461.6  459.8  457.4  454.4  450.9  446.7  442.0  436.6  430.7  424.1  417.0  409.3  401.0  392.1  382.6  372.5  361.8  350.5  338.6  326.1  313.1  299.4  285.1  270.3  254.8  238.8  222.2  204.9  187.1  168.7  149.7  130.1  109.9   89.1   67.7   45.7   23.2    0.0
   0.0   22.9   45.2   66.9   88.0  108.6  128.5  147.9  166.7  184.9  202.5  219.5  235.9  251.8  267.0  281.7  295.8  309.3  322.2  334.5  346.2  357.4  368.0  377.9  387.3  396.1  404.3  412.0  419.0  425.5  431.3  436.6  441.3  445.4  448.9  451.9  454.2  456.0  457.2  457.7  457.7  457.2  456.0  454.2  451.9  448.9  445.4  441.3  436.6  431.3  425.5  419.0  412.0  404.3  396.1  387.3  377.9  368.0  357.4  346.2  334.5  322.2  309.3  295.8  281.7  267.0  251.8  235.9  219.5  202.5  184.9  166.7  147.9  128.5  108.6   88.0   66.9   45.2   22.9    0.0
   0.0   22.6   44.6   66.0   86.8  107.1  126.8  145.9  164.4  182.3  199.7  216.5  232.7  248.3  263.4  277.9  291.7  305.1  317.8  330.0  341.5  352.5  362.9  372.8  382.1  390.7  398.8  406.4  413.3  419.7  425.5  430.7  435.3  439.4  442.8  445.7  448.0  449.8  450.9  451.5  451.5  450.9  449.8  448.0  445.7  442.8  439.4  435.3  430.7  425.5  419.7  413.3  406.4  398.8  390.7  382.1  372.8  362.9  352.5  341.5  330.0  317.8  305.1  291.7  277.9  263.4  248.3  232.7  216.5  199.7  182.3  164.4  145.9  126.8  107.1   86.8   66.0   44.6   22.6    0.0
   0.0   22.2   43.9   65.0   85.5  105.5  124.8  143.7  161.9  179.6  196.7  213.2  229.2  244.6  259.4  273.6  287.3  300.4  313.0  324.9  336.3  347.2  357.4  367.1  376.3  384.8  392.8  400.2  407.0  413.3  419.0  424.1  428.7  432.7  436.1  439.0  441.2  443.0  444.1  444.7  444.7  444.1  443.0  441.2  439.0  436.1  432.7  428.7  424.1  419.0  413.3  407.0  400.2  392.8  384.8  376.3  367.1  357.4  347.2  336.3  324.9  313.0  300.4  287.3  273.6  259.4  244.6  229.2  213.2  196.7  179.6  161.9  143.7  124.8  105.5   85.5   65.0   43.9   22.2    0.0
   0.0   21.9   43.2   63.9   84.1  103.7  122.8  141.2  159.2  176.6  193.4  209.6  225.3  240.5  255.0  269.0  282.5  295.4  307.7  319.5  330.7  341.3  351.4  361.0  369.9  378.3  386.2  393.5  400.2  406.4  412.0  417.0  421.5  425.4  428.8  431.6  433.8  435.5  436.6  437.2  437.2  436.6  435.5  433.8  431.6  428.8  425.4  421.5  417.0  412.0  406.4  400.2  393.5  386.2  378.3  369.9  361.0  351.4  341.3  330.7  319.5  307.7  295.4  282.5  269.0  255.0  240.5  225.3  209.6  193.4  176.6  159.2  141.2  122.8  103.7   84.1   63.9   43.2   21.9    0.0
   0.0   21.5   42.4   62.7   82.5  101.8  120.5  138.6  156.2  173.3  189.8  205.7  221.1  236.0  250.3  264.1  277.3  289.9  302.0  313.6  324.6  335.0  344.9  354.3  363.1  371.3  379.0  386.2  392.8  398.8  404.3  409.3  413.7  417.5  420.8  423.6  425.8  427.4  428.5  429.1  429.1  428.5  427.4  425.8  423.6  420.8  417.5  413.7  409.3  404.3  398.8  392.8  386.2  379.0  371.3  363.1  354.3  344.9  335.0  324.6  313.6  302.0  289.9  277.3  264.1  250.3  236.0  221.1  205.7  189.8  173.3  156.2  138.6  120.5  101.8   82.5   62.7   42.4   21.5    0.0
   0.0   21.0   41.5   61.4   80.8   99.7  118.0  135.8  153.1  169.8  185.9  201.6  216.7  231.2  245.2  258.7  271.6  284.0  295.9  307.2  318.0  328.2  337.9  347.1  355.7  363.8  371.3  378.3  384.8  390.7  396.1  401.0  405.3  409.1  412.3  415.0  417.1  418.8  419.8  420.4  420.4  419.8  418.8  417.1  415.0  412.3  409.1  405.3  401.0  396.1  390.7  384.8  378.3  371.3  363.8  355.7  347.1  337.9  328.2  318.0  307.2  295.9  284.0  271.6  258.7  245.2  231.2  216.7  201.6  185.9  169.8  153.1  135.8  118.0   99.7   80.8   61.4   41.5   21.0    0.0
   0.0   20.6   40.6   60.1   79.0   97.5  115.4  132.8  149.7  166.0  181.8  197.1  211.8  226.1  239.8  252.9  265.6  277.7  289.3  300.4  310.9  320.9  330.4  339.4  347.8  355.7  363.1  369.9  376.3  382.1  387.3  392.1  396.3  400.0  403.1  405.8  407.9  409.5  410.5  411.0  411.0  410.5  409.5  407.9  405.8  403.1  400.0  396.3  392.1  387.3  382.1  376.3  369.9  363.1  355.7  347.8  339.4  330.4  320.9  310.9  300.4  289.3  277.7  265.6  252.9  239.8  226.1  211.8  197.1  181.8  166.0  149.7  132.8  115.4   97.5   79.0   60.1   40.6   20.6    0.0
   0.0   20.1   39.6   58.6   77.1   95.1  112.6  129.6  146.0  162.0  177.4  192.3  206.7  220.6  234.0  246.8  259.2  271.0  282.3  293.1  303.4  313.1  322.4  331.1  339.4  347.1  354.3  361.0  367.1  372.8  377.9  382.6  386.7  390.3  393.4  395.9  398.0  399.5  400.6  401.1  401.1  400.6  399.5  398.0  395.9  393.4  390.3  386.7  382.6  377.9  372.8  367.1  361.0  354.3  347.1  339.4  331.1  322.4  313.1  303.4  293.1  282.3  271.0  259.2  246.8  234.0  220.6  206.7  192.3  177.4  162.0  146.0  129.6  112.6   95.1   77.1   58.6   39.6   20.1    0.0
   0.0   19.5   38.5   57.1   75.1   92.6  109.6  126.2  142.2  157.7  172.7  187.2  201.2  214.8  227.8  240.3  252.3  263.8  274.8  285.4  295.4  304.9  313.9  322.4  330.4  337.9  344.9  351.4  357.4  362.9  368.0  372.5  376.5  380.0  383.0  385.5  387.5  389.0  390.0  390.5  390.5  390.0  389.0  387.5  385.5  383.0  380.0  376.5  372.5  368.0  362.9  357.4  351.4  344.9  337.9  330.4  322.4  313.9  304.9  295.4  285.4  274.8  263.8  252.3  240.3  227.8  214.8  201.2  187.2  172.7  157.7  142.2  126.2  109.6   92.6   75.1   57.1   38.5   19.5    0.0
   0.0   19.0   37.4   55.4   72.9   90.0  106.5  122.5  138.1  153.2  167.8  181.9  195.5  208.6  221.2  233.4  245.1  256.3  267.0  277.2  286.9  296.1  304.9  313.1  320.9  328.2  335.0  341.3  347.2  352.5  357.4  361.8  365.7  369.1  372.0  374.4  376.4  377.8  378.8  379.3  379.3  378.8  377.8  376.4  374.4  372.0  369.1  365.7  361.8  357.4  352.5  347.2  341.3  335.0  328.2  320.9  313.1  304.9  296.1  286.9  277.2  267.0  256.3  245.1  233.4  221.2  208.6  195.5  181.9  167.8  153.2  138.1  122.5  106.5   90.0   72.9   55.4   37.4   19.0    0.0
   0.0   18.4   36.3   53.7   70.7   87.1  103.2  118.7  133.8  148.4  162.5  176.2  189.4  202.1  214.3  226.1  237.4  248.3  258.6  268.5  277.9  286.9  295.4  303.4  310.9  318.0  324.6  330.7  336.3  341.5  346.2  350.5  354.3  357.5  360.4  362.7  364.6  366.0  367.0  367.4  367.4  367.0  366.0  364.6  362.7  360.4  357.5  354.3  350.5  346.2  341.5  336.3  330.7  324.6  318.0  310.9  303.4  295.4  286.9  277.9  268.5  258.6  248.3  237.4  226.1  214.3  202.1  189.4  176.2  162.5  148.4  133.8  118.7  103.2   87.1   70.7   53.7   36.3   18.4    0.0
   0.0   17.7   35.0   51.9   68.3   84.2   99.7  114.7  129.3  143.4  157.0  170.2  183.0  195.2  207.1  218.5  229.4  239.8  249.9  259.4  268.5  277.2  285.4  293.1  300.4  307.2  313.6  319.5  324.9  330.0  334.5  338.6  342.2  345.4  348.2  350.4  352.3  353.6  354.5  355.0  355.0  354.5  353.6  352.3  350.4  348.2  345.4  342.2  338.6  334.5  330.0  324.9  319.5  313.6  307.2  300.4  293.1  285.4  277.2  268.5  259.4  249.9  239.8  229.4  218.5  207.1  195.2  183.0  170.2  157.0  143.4  129.3  114.7   99.7   84.2   68.3   51.9   35.0   17.7    0.0
   0.0   17.1   33.8   50.0   65.8   81.1   96.0  110.5  124.5  138.1  151.2  163.9  176.2  188.0  199.4  210.4  220.9  231.0  240.6  249.9  258.6  267.0  274.8  282.3  289.3  295.9  302.0  307.7  313.0  317.8  322.2  326.1  329.6  332.7  335.3  337.5  339.3  340.6  341.5  341.9  341.9  341.5  340.6  339.3  337.5  335.3  332.7  329.6  326.1  322.2  317.8  313.0  307.7  302.0  295.9  289.3  282.3  274.8  267.0  258.6  249.9  240.6  231.0  220.9  210.4  199.4  188.0  176.2  163.9  151.2  138.1  124.5  110.5   96.0   81.1   65.8   50.0   33.8   17.1    0.0
   0.0   16.4   32.4   48.0   63.1   77.8   92.2  106.0  119.5  132.5  145.2  157.4  169.2  180.5  191.5  202.0  212.1  221.7  231.0  239.8  248.3  256.3  263.8  271.0  277.7  284.0  289.9  295.4  300.4  305.1  309.3  313.1  316.4  319.4  321.9  324.0  325.7  326.9  327.8  328.2  328.2  327.8  326.9  325.7  324.0  321.9  319.4  316.4  313.1  309.3  305.1  300.4  295.4  289.9  284.0  277.7  271.0  263.8  256.3  248.3  239.8  231.0  221.7  212.1  202.0  191.5  180.5  169.2  157.4  145.2  132.5  119.5  106.0   92.2   77.8   63.1   48.0   32.4   16.4    0.0
   0.0   15.7   31.0   45.9   60.4   74.4   88.1  101.4  114.3  126.8  138.8  150.5  161.8  172.6  183.1  193.2  202.8  212.1  220.9  229.4  237.4  245.1  252.3  259.2  265.6  271.6  277.3  282.5  287.3  291.7  295.8  299.4  302.6  305.4  307.8  309.9  311.5  312.7  313.5  313.9  313.9  313.5  312.7  311.5  309.9  307.8  305.4  302.6  299.4  295.8  291.7  287.3  282.5  277.3  271.6  265.6  259.2  252.3  245.1  237.4  229.4  220.9  212.1  202.8  193.2  183.1  172.6  161.8  150.5  138.8  126.8  114.3  101.4   88.1   74.4   60.4   45.9   31.0   15.7    0.0
   0.0   14.9   29.5   43.7   57.5   70.9   83.9   96.6  108.8  120.7  132.2  143.3  154.1  164.4  174.4  184.0  193.2  202.0  210.4  218.5  226.1  233.4  240.3  246.8  252.9  258.7  264.1  269.0  273.6  277.9  281.7  285.1  288.2  290.9  293.2  295.1  296.6  297.8  298.6  298.9  298.9  298.6  297.8  296.6  295.1  293.2  290.9  288.2  285.1  281.7  277.9  273.6  269.0  264.1  258.7  252.9  246.8  240.3  233.4  226.1  218.5  210.4  202.0  193.2  184.0  174.4  164.4  154.1  143.3  132.2  120.7  108.8   96.6   83.9   70.9   57.5   43.7   29.5   14.9    0.0
   0.0   14.2   28.0   41.4   54.5   67.2   79.6   91.5  103.2  114.4  125.3  135.9  146.0  155.9  165.3  174.4  183.1  191.5  199.4  207.1  214.3  221.2  227.8  234.0  239.8  245.2  250.3  255.0  259.4  263.4  267.0  270.3  273.2  275.7  277.9  279.7  281.2  282.3  283.0  283.4  283.4  283.0  282.3  281.2  279.7  277.9  275.7  273.2  270.3  267.0  263.4  259.4  255.0  250.3  245.2  239.8  234.0  227.8  221.2  214.3  207.1  199.4  191.5  183.1  174.4  165.3  155.9  146.0  135.9  125.3  114.4  103.2   91.5   79.6   67.2   54.5   41.4   28.0   14.2    0.0
   0.0   13.4   26.4   39.0   51.4   63.4   75.0   86.3   97.3  107.9  118.2  128.1  137.7  146.9  155.9  164.4  172.6  180.5  188.0  195.2  202.1  208.6  214.8  220.6  226.1  231.2  236.0  240.5  244.6  248.3  251.8  254.8  257.6  260.0  262.0  263.7  265.1  266.1  266.8  267.2  267.2  266.8  266.1  265.1  263.7  262.0  260.0  257.6  254.8  251.8  248.3  244.6  240.5  236.0  231.2  226.1  220.6  214.8  208.6  202.1  195.2  188.0  180.5  172.6  164.4  155.9  146.9  137.7  128.1  118.2  107.9   97.3   86.3   75.0   63.4   51.4   39.0   26.4   13.4    0.0
   0.0   12.5   24.7   36.6   48.1   59.4   70.3   80.9   91.2  101.1  110.7  120.0  129.0  137.7  146.0  154.1  161.8  169.2  176.2  183.0  189.4  195.5  201.2  206.7  211.8  216.7  221.1  225.3  229.2  232.7  235.9  238.8  241.4  243.6  245.5  247.1  248.4  249.4  250.0  250.4  250.4  250.0  249.4  248.4  247.1  245.5  243.6  241.4  238.8  235.9  232.7  229.2  225.3  221.1  216.7  211.8  206.7  201.2  195.5  189.4  183.0  176.2  169.2  161.8  154.1  146.0  137.7  129.0  120.0  110.7  101.1   91.2   80.9   70.3   59.4   48.1   36.6   24.7   12.5    0.0
   0.0   11.6   23.0   34.0   44.8   55.2   65.4   75.3   84.8   94.1  103.0  111.7  120.0  128.1  135.9  143.3  150.5  157.4  163.9  170.2  176.2  181.9  187.2  192.3  197.1  201.6  205.7  209.6  213.2  216.5  219.5  222.2  224.6  226.6  228.4  229.9  231.1  232.0  232.6  232.9  232.9  232.6  232.0  231.1  229.9  228.4  226.6  224.6  222.2  219.5  216.5  213.2  209.6  205.7  201.6  197.1  192.3  187.2  181.9  176.2  170.2  163.9  157.4  150.5  143.3  135.9  128.1  120.0  111.7  103.0   94.1   84.8   75.3   65.4   55.2   44.8   34.0   23.0   11.6    0.0
   0.0   10.7   21.2   31.4   41.3   51.0   60.3   69.4   78.2   86.8   95.0  103.0  110.7  118.2  125.3  132.2  138.8  145.2  151.2  157.0  162.5  167.8  172.7  177.4  181.8  185.9  189.8  193.4  196.7  199.7  202.5  204.9  207.1  209.1  210.7  212.1  213.2  214.0  214.6  214.9  214.9  214.6  214.0  213.2  212.1  210.7  209.1  207.1  204.9  202.5  199.7  196.7  193.4  189.8  185.9  181.8  177.4  172.7  167.8  162.5  157.0  151.2  145.2  138.8  132.2  125.3  118.2  110.7  103.0   95.0   86.8   78.2   69.4   60.3   51.0   41.3   31.4   21.2   10.7    0.0
   0.0    9.8   19.4   28.7   37.7   46.5   55.1   63.4   71.4   79.2   86.8   94.1  101.1  107.9  114.4  120.7  126.8  132.5  138.1  143.4  148.4  153.2  157.7  162.0  166.0  169.8  173.3  176.6  179.6  182.3  184.9  187.1  189.1  190.9  192.4  193.7  194.7  195.4  195.9  196.2  196.2  195.9  195.4  194.7  193.7  192.4  190.9  189.1  187.1  184.9  182.3  179.6  176.6  173.3  169.8  166.0  162.0  157.7  153.2  148.4  143.4  138.1  132.5  126.8  120.7  114.4  107.9  101.1   94.1   86.8   79.2   71.4   63.4   55.1   46.5   37.7   28.7   19.4    9.8    0.0
